0.00
18.60
21.00
18.18
42.00
18.02
63.00
17.93
84.00
17.87
105.00
17.82
126.00
17.79
147.00
17.76
168.00
17.73
189.00
17.71
210.00
17.70
231.00
17.68
252.00
17.67
273.00
17.66
294.00
17.65
315.00
17.64
336.00
17.63
357.00
17.63
378.00
17.62
399.00
17.62
420.00
17.61
441.00
17.61
462.00
17.60
483.00
17.60
504.00
17.60
525.00
17.59
546.00
17.59
567.00
17.59
588.00
17.59
609.00
17.58
630.00
17.58
651.00
17.58
672.00
17.58
693.00
17.58
714.00
17.57
735.00
17.57
756.00
17.57
777.00
17.57
798.00
17.57
819.00
17.57
840.00
17.57
861.00
17.56
882.00
17.56
903.00
17.56
924.00
17.56
945.00
17.56
966.00
17.56
987.00
17.56
1008.00
17.56
1029.00
17.55
1050.00
17.55
1071.00
17.55
1092.00
17.55
1113.00
17.55
1134.00
17.55
1155.00
17.55
1176.00
17.55
1197.00
17.55
1218.00
17.55
1239.00
17.55
1260.00
17.54
1281.00
17.54
1302.00
17.54
1323.00
17.54
1344.00
17.54
1365.00
17.54
1386.00
17.54
1407.00
17.54
1428.00
17.54
1449.00
17.54
1470.00
17.54
1491.00
17.54
1512.00
17.54
1533.00
17.54
1554.00
17.53
1575.00
17.53
1596.00
17.53
1617.00
17.53
1638.00
17.53
1659.00
17.53
1680.00
17.53
1701.00
17.53
1722.00
17.53
1743.00
17.53
1764.00
17.53
1785.00
17.53
1806.00
17.53
1827.00
17.53
1848.00
17.53
1869.00
17.53
1890.00
17.52
1911.00
17.52
1932.00
17.52
1953.00
17.52
1974.00
17.52
1995.00
17.52
2016.00
17.52
2037.00
17.52
2058.00
17.52
2079.00
17.52
2100.00
17.52
2121.00
17.52
2142.00
17.52
2163.00
17.52
2184.00
17.52
2205.00
17.52
2226.00
17.52
2247.00
17.52
2268.00
17.52
2289.00
17.51
2310.00
17.51
2331.00
17.51
2352.00
17.51
2373.00
17.51
2394.00
17.51
2415.00
17.51
2436.00
17.51
2457.00
17.51
2478.00
17.51
2499.00
17.51
2520.00
17.51
2541.00
17.51
2562.00
17.51
2583.00
17.51
2604.00
17.51
2625.00
17.51
2646.00
17.51
2667.00
17.51
2688.00
17.51
2709.00
17.51
2730.00
17.51
2751.00
17.51
2772.00
17.50
2793.00
17.50
2814.00
17.50
2835.00
17.50
2856.00
17.50
2877.00
17.50
2898.00
17.50
2919.00
17.50
2940.00
17.50
2961.00
17.50
2982.00
17.50
